4.76190476190476164e-02 2.26757369614512434e-02
9.52380952380952328e-02 4.30839002267573642e-02
1.42857142857142849e-01 6.12244897959183590e-02
1.90476190476190466e-01 7.70975056689342242e-02
2.38095238095238082e-01 9.07029478458049737e-02
2.85714285714285698e-01 1.02040816326530601e-01
3.33333333333333315e-01 1.11111111111111105e-01
3.80952380952380931e-01 1.17913832199546487e-01
4.28571428571428548e-01 1.22448979591836732e-01
4.76190476190476164e-01 1.24716553287981854e-01
5.23809523809523725e-01 1.24716553287981854e-01
5.71428571428571397e-01 1.22448979591836732e-01
6.19047619047619069e-01 1.17913832199546487e-01
6.66666666666666630e-01 1.11111111111111105e-01
7.14285714285714191e-01 1.02040816326530601e-01
7.61904761904761862e-01 9.07029478458049737e-02
8.09523809523809534e-01 7.70975056689342242e-02
8.57142857142857095e-01 6.12244897959183590e-02
9.04761904761904656e-01 4.30839002267573642e-02
9.52380952380952328e-01 2.26757369614512434e-02
