4.76190476190476164e-02 4.76190476190476164e-02 3.98101473445081327e-03
9.52380952380952328e-02 4.76190476190476164e-02 6.82824262082930809e-03
1.42857142857142849e-01 4.76190476190476164e-02 8.98966355643750561e-03
1.90476190476190466e-01 4.76190476190476164e-02 1.06754303851106860e-02
2.38095238095238082e-01 4.76190476190476164e-02 1.19996744365977164e-02
2.85714285714285698e-01 4.76190476190476164e-02 1.30314004823336750e-02
3.33333333333333315e-01 4.76190476190476164e-02 1.38152405019874285e-02
3.80952380952380931e-01 4.76190476190476164e-02 1.43809498423075020e-02
4.28571428571428548e-01 4.76190476190476164e-02 1.47481629770846168e-02
4.76190476190476164e-01 4.76190476190476164e-02 1.49289052701170322e-02
5.23809523809523725e-01 4.76190476190476164e-02 1.49289052701170322e-02
5.71428571428571397e-01 4.76190476190476164e-02 1.47481629770846168e-02
6.19047619047619069e-01 4.76190476190476164e-02 1.43809498423075003e-02
6.66666666666666630e-01 4.76190476190476164e-02 1.38152405019874285e-02
7.14285714285714191e-01 4.76190476190476164e-02 1.30314004823336750e-02
7.61904761904761862e-01 4.76190476190476164e-02 1.19996744365977164e-02
8.09523809523809534e-01 4.76190476190476164e-02 1.06754303851106808e-02
8.57142857142857095e-01 4.76190476190476164e-02 8.98966355643750041e-03
9.04761904761904656e-01 4.76190476190476164e-02 6.82824262082930809e-03
9.52380952380952328e-01 4.76190476190476164e-02 3.98101473445081240e-03
4.76190476190476164e-02 9.52380952380952328e-02 6.82824262082930723e-03
9.52380952380952328e-02 9.52380952380952328e-02 1.20747184962840103e-02
1.42857142857142849e-01 9.52380952380952328e-02 1.61874075236656534e-02
1.90476190476190466e-01 9.52380952380952328e-02 1.94448098512626788e-02
2.38095238095238082e-01 9.52380952380952328e-02 2.20242931828015347e-02
2.85714285714285698e-01 9.52380952380952328e-02 2.40431132946036137e-02
3.33333333333333315e-01 9.52380952380952328e-02 2.55810379871624985e-02
3.80952380952380931e-01 9.52380952380952328e-02 2.66928221940122071e-02
4.28571428571428548e-01 9.52380952380952328e-02 2.74152230997691190e-02
4.76190476190476164e-01 9.52380952380952328e-02 2.77709791371215202e-02
5.23809523809523725e-01 9.52380952380952328e-02 2.77709791371215202e-02
5.71428571428571397e-01 9.52380952380952328e-02 2.74152230997691190e-02
6.19047619047619069e-01 9.52380952380952328e-02 2.66928221940122071e-02
6.66666666666666630e-01 9.52380952380952328e-02 2.55810379871624916e-02
7.14285714285714191e-01 9.52380952380952328e-02 2.40431132946036137e-02
7.61904761904761862e-01 9.52380952380952328e-02 2.20242931828015312e-02
8.09523809523809534e-01 9.52380952380952328e-02 1.94448098512626857e-02
8.57142857142857095e-01 9.52380952380952328e-02 1.61874075236656534e-02
9.04761904761904656e-01 9.52380952380952328e-02 1.20747184962840086e-02
9.52380952380952328e-01 9.52380952380952328e-02 6.82824262082930636e-03
4.76190476190476164e-02 1.42857142857142849e-01 8.98966355643750215e-03
9.52380952380952328e-02 1.42857142857142849e-01 1.61874075236656499e-02
1.42857142857142849e-01 1.42857142857142849e-01 2.19728644945329371e-02
1.90476190476190466e-01 1.42857142857142849e-01 2.66245346173275901e-02
2.38095238095238082e-01 1.42857142857142849e-01 3.03420014525973940e-02
2.85714285714285698e-01 1.42857142857142849e-01 3.32681478299716935e-02
3.33333333333333315e-01 1.42857142857142849e-01 3.55054022619020956e-02
3.80952380952380931e-01 1.42857142857142849e-01 3.71265041506650822e-02
4.28571428571428548e-01 1.42857142857142849e-01 3.81813543947135126e-02
4.76190476190476164e-01 1.42857142857142849e-01 3.87012353453330335e-02
5.23809523809523725e-01 1.42857142857142849e-01 3.87012353453330335e-02
5.71428571428571397e-01 1.42857142857142849e-01 3.81813543947135126e-02
6.19047619047619069e-01 1.42857142857142849e-01 3.71265041506650753e-02
6.66666666666666630e-01 1.42857142857142849e-01 3.55054022619020956e-02
7.14285714285714191e-01 1.42857142857142849e-01 3.32681478299716935e-02
7.61904761904761862e-01 1.42857142857142849e-01 3.03420014525973940e-02
8.09523809523809534e-01 1.42857142857142849e-01 2.66245346173275867e-02
8.57142857142857095e-01 1.42857142857142849e-01 2.19728644945329336e-02
9.04761904761904656e-01 1.42857142857142849e-01 1.61874075236656534e-02
9.52380952380952328e-01 1.42857142857142849e-01 8.98966355643750041e-03
4.76190476190476164e-02 1.90476190476190466e-01 1.06754303851106826e-02
9.52380952380952328e-02 1.90476190476190466e-01 1.94448098512626788e-02
1.42857142857142849e-01 1.90476190476190466e-01 2.66245346173275867e-02
1.90476190476190466e-01 1.90476190476190466e-01 3.24708889747722662e-02
2.38095238095238082e-01 1.90476190476190466e-01 3.71834564841441173e-02
2.85714285714285698e-01 1.90476190476190466e-01 4.09145006146384785e-02
3.33333333333333315e-01 1.90476190476190466e-01 4.37783453836636180e-02
3.80952380952380931e-01 1.90476190476190466e-01 4.58588640558871274e-02
4.28571428571428548e-01 1.90476190476190466e-01 4.72148812869416998e-02
4.76190476190476164e-01 1.90476190476190466e-01 4.78837988080185947e-02
5.23809523809523725e-01 1.90476190476190466e-01 4.78837988080185947e-02
5.71428571428571397e-01 1.90476190476190466e-01 4.72148812869416998e-02
6.19047619047619069e-01 1.90476190476190466e-01 4.58588640558871274e-02
6.66666666666666630e-01 1.90476190476190466e-01 4.37783453836636111e-02
7.14285714285714191e-01 1.90476190476190466e-01 4.09145006146384715e-02
7.61904761904761862e-01 1.90476190476190466e-01 3.71834564841441173e-02
8.09523809523809534e-01 1.90476190476190466e-01 3.24708889747722662e-02
8.57142857142857095e-01 1.90476190476190466e-01 2.66245346173275832e-02
9.04761904761904656e-01 1.90476190476190466e-01 1.94448098512626788e-02
9.52380952380952328e-01 1.90476190476190466e-01 1.06754303851106808e-02
4.76190476190476164e-02 2.38095238095238082e-01 1.19996744365977164e-02
9.52380952380952328e-02 2.38095238095238082e-01 2.20242931828015312e-02
1.42857142857142849e-01 2.38095238095238082e-01 3.03420014525973940e-02
1.90476190476190466e-01 2.38095238095238082e-01 3.71834564841441104e-02
2.38095238095238082e-01 2.38095238095238082e-01 4.27388611984230726e-02
2.85714285714285698e-01 2.38095238095238082e-01 4.71604790646294805e-02
3.33333333333333315e-01 2.38095238095238082e-01 5.05670409060820919e-02
3.80952380952380931e-01 2.38095238095238082e-01 5.30481517061336325e-02
4.28571428571428548e-01 2.38095238095238082e-01 5.46679341930028026e-02
4.76190476190476164e-01 2.38095238095238082e-01 5.54677060956354148e-02
5.23809523809523725e-01 2.38095238095238082e-01 5.54677060956354148e-02
5.71428571428571397e-01 2.38095238095238082e-01 5.46679341930027957e-02
6.19047619047619069e-01 2.38095238095238082e-01 5.30481517061336394e-02
6.66666666666666630e-01 2.38095238095238082e-01 5.05670409060820850e-02
7.14285714285714191e-01 2.38095238095238082e-01 4.71604790646294875e-02
7.61904761904761862e-01 2.38095238095238082e-01 4.27388611984230726e-02
8.09523809523809534e-01 2.38095238095238082e-01 3.71834564841441104e-02
8.57142857142857095e-01 2.38095238095238082e-01 3.03420014525973905e-02
9.04761904761904656e-01 2.38095238095238082e-01 2.20242931828015277e-02
9.52380952380952328e-01 2.38095238095238082e-01 1.19996744365977164e-02
4.76190476190476164e-02 2.85714285714285698e-01 1.30314004823336733e-02
9.52380952380952328e-02 2.85714285714285698e-01 2.40431132946036137e-02
1.42857142857142849e-01 2.85714285714285698e-01 3.32681478299716935e-02
1.90476190476190466e-01 2.85714285714285698e-01 4.09145006146384715e-02
2.38095238095238082e-01 2.85714285714285698e-01 4.71604790646294805e-02
2.85714285714285698e-01 2.85714285714285698e-01 5.21539398432290038e-02
3.33333333333333315e-01 2.85714285714285698e-01 5.60136137737560422e-02
3.80952380952380931e-01 2.85714285714285698e-01 5.88311939734163167e-02
4.28571428571428548e-01 2.85714285714285698e-01 6.06734239871549799e-02
4.76190476190476164e-01 2.85714285714285698e-01 6.15838115897404115e-02
5.23809523809523725e-01 2.85714285714285698e-01 6.15838115897404115e-02
5.71428571428571397e-01 2.85714285714285698e-01 6.06734239871549799e-02
6.19047619047619069e-01 2.85714285714285698e-01 5.88311939734163167e-02
6.66666666666666630e-01 2.85714285714285698e-01 5.60136137737560422e-02
7.14285714285714191e-01 2.85714285714285698e-01 5.21539398432290038e-02
7.61904761904761862e-01 2.85714285714285698e-01 4.71604790646294875e-02
8.09523809523809534e-01 2.85714285714285698e-01 4.09145006146384715e-02
8.57142857142857095e-01 2.85714285714285698e-01 3.32681478299716865e-02
9.04761904761904656e-01 2.85714285714285698e-01 2.40431132946036137e-02
9.52380952380952328e-01 2.85714285714285698e-01 1.30314004823336733e-02
4.76190476190476164e-02 3.33333333333333315e-01 1.38152405019874268e-02
9.52380952380952328e-02 3.33333333333333315e-01 2.55810379871624881e-02
1.42857142857142849e-01 3.33333333333333315e-01 3.55054022619020887e-02
1.90476190476190466e-01 3.33333333333333315e-01 4.37783453836636041e-02
2.38095238095238082e-01 3.33333333333333315e-01 5.05670409060820850e-02
2.85714285714285698e-01 3.33333333333333315e-01 5.60136137737560422e-02
3.33333333333333315e-01 3.33333333333333315e-01 6.02347066761521055e-02
3.80952380952380931e-01 3.33333333333333315e-01 6.33220127304755659e-02
4.28571428571428548e-01 3.33333333333333315e-01 6.53431824963153635e-02
4.76190476190476164e-01 3.33333333333333315e-01 6.63427309902861473e-02
5.23809523809523725e-01 3.33333333333333315e-01 6.63427309902861473e-02
5.71428571428571397e-01 3.33333333333333315e-01 6.53431824963153635e-02
6.19047619047619069e-01 3.33333333333333315e-01 6.33220127304755659e-02
6.66666666666666630e-01 3.33333333333333315e-01 6.02347066761521055e-02
7.14285714285714191e-01 3.33333333333333315e-01 5.60136137737560491e-02
7.61904761904761862e-01 3.33333333333333315e-01 5.05670409060820711e-02
8.09523809523809534e-01 3.33333333333333315e-01 4.37783453836636041e-02
8.57142857142857095e-01 3.33333333333333315e-01 3.55054022619020887e-02
9.04761904761904656e-01 3.33333333333333315e-01 2.55810379871624950e-02
9.52380952380952328e-01 3.33333333333333315e-01 1.38152405019874268e-02
4.76190476190476164e-02 3.80952380952380931e-01 1.43809498423074986e-02
9.52380952380952328e-02 3.80952380952380931e-01 2.66928221940121967e-02
1.42857142857142849e-01 3.80952380952380931e-01 3.71265041506650684e-02
1.90476190476190466e-01 3.80952380952380931e-01 4.58588640558871274e-02
2.38095238095238082e-01 3.80952380952380931e-01 5.30481517061336186e-02
2.85714285714285698e-01 3.80952380952380931e-01 5.88311939734163167e-02
3.33333333333333315e-01 3.80952380952380931e-01 6.33220127304755659e-02
3.80952380952380931e-01 3.80952380952380931e-01 6.66113940798736259e-02
4.28571428571428548e-01 3.80952380952380931e-01 6.87669885811993814e-02
4.76190476190476164e-01 3.80952380952380931e-01 6.98336251886568643e-02
5.23809523809523725e-01 3.80952380952380931e-01 6.98336251886568643e-02
5.71428571428571397e-01 3.80952380952380931e-01 6.87669885811993814e-02
6.19047619047619069e-01 3.80952380952380931e-01 6.66113940798736259e-02
6.66666666666666630e-01 3.80952380952380931e-01 6.33220127304755659e-02
7.14285714285714191e-01 3.80952380952380931e-01 5.88311939734163167e-02
7.61904761904761862e-01 3.80952380952380931e-01 5.30481517061336186e-02
8.09523809523809534e-01 3.80952380952380931e-01 4.58588640558871344e-02
8.57142857142857095e-01 3.80952380952380931e-01 3.71265041506650684e-02
9.04761904761904656e-01 3.80952380952380931e-01 2.66928221940122001e-02
9.52380952380952328e-01 3.80952380952380931e-01 1.43809498423074986e-02
4.76190476190476164e-02 4.28571428571428548e-01 1.47481629770846098e-02
9.52380952380952328e-02 4.28571428571428548e-01 2.74152230997691086e-02
1.42857142857142849e-01 4.28571428571428548e-01 3.81813543947134987e-02
1.90476190476190466e-01 4.28571428571428548e-01 4.72148812869416998e-02
2.38095238095238082e-01 4.28571428571428548e-01 5.46679341930027887e-02
2.85714285714285698e-01 4.28571428571428548e-01 6.06734239871549799e-02
3.33333333333333315e-01 4.28571428571428548e-01 6.53431824963153635e-02
3.80952380952380931e-01 4.28571428571428548e-01 6.87669885811993814e-02
4.28571428571428548e-01 4.28571428571428548e-01 7.10121788638059942e-02
4.76190476190476164e-01 4.28571428571428548e-01 7.21235822983400943e-02
5.23809523809523725e-01 4.28571428571428548e-01 7.21235822983401081e-02
5.71428571428571397e-01 4.28571428571428548e-01 7.10121788638059942e-02
6.19047619047619069e-01 4.28571428571428548e-01 6.87669885811993814e-02
6.66666666666666630e-01 4.28571428571428548e-01 6.53431824963153635e-02
7.14285714285714191e-01 4.28571428571428548e-01 6.06734239871549799e-02
7.61904761904761862e-01 4.28571428571428548e-01 5.46679341930027818e-02
8.09523809523809534e-01 4.28571428571428548e-01 4.72148812869416928e-02
8.57142857142857095e-01 4.28571428571428548e-01 3.81813543947135056e-02
9.04761904761904656e-01 4.28571428571428548e-01 2.74152230997691086e-02
9.52380952380952328e-01 4.28571428571428548e-01 1.47481629770846116e-02
4.76190476190476164e-02 4.76190476190476164e-01 1.49289052701170270e-02
9.52380952380952328e-02 4.76190476190476164e-01 2.77709791371215098e-02
1.42857142857142849e-01 4.76190476190476164e-01 3.87012353453330127e-02
1.90476190476190466e-01 4.76190476190476164e-01 4.78837988080185878e-02
2.38095238095238082e-01 4.76190476190476164e-01 5.54677060956354009e-02
2.85714285714285698e-01 4.76190476190476164e-01 6.15838115897403976e-02
3.33333333333333315e-01 4.76190476190476164e-01 6.63427309902861334e-02
3.80952380952380931e-01 4.76190476190476164e-01 6.98336251886568643e-02
4.28571428571428548e-01 4.76190476190476164e-01 7.21235822983400943e-02
4.76190476190476164e-01 4.76190476190476164e-01 7.32573691464131760e-02
5.23809523809523725e-01 4.76190476190476164e-01 7.32573691464131760e-02
5.71428571428571397e-01 4.76190476190476164e-01 7.21235822983401081e-02
6.19047619047619069e-01 4.76190476190476164e-01 6.98336251886568643e-02
6.66666666666666630e-01 4.76190476190476164e-01 6.63427309902861473e-02
7.14285714285714191e-01 4.76190476190476164e-01 6.15838115897403976e-02
7.61904761904761862e-01 4.76190476190476164e-01 5.54677060956353940e-02
8.09523809523809534e-01 4.76190476190476164e-01 4.78837988080185878e-02
8.57142857142857095e-01 4.76190476190476164e-01 3.87012353453330127e-02
9.04761904761904656e-01 4.76190476190476164e-01 2.77709791371215098e-02
9.52380952380952328e-01 4.76190476190476164e-01 1.49289052701170270e-02
4.76190476190476164e-02 5.23809523809523725e-01 1.49289052701170270e-02
9.52380952380952328e-02 5.23809523809523725e-01 2.77709791371215098e-02
1.42857142857142849e-01 5.23809523809523725e-01 3.87012353453330127e-02
1.90476190476190466e-01 5.23809523809523725e-01 4.78837988080185878e-02
2.38095238095238082e-01 5.23809523809523725e-01 5.54677060956354009e-02
2.85714285714285698e-01 5.23809523809523725e-01 6.15838115897403976e-02
3.33333333333333315e-01 5.23809523809523725e-01 6.63427309902861473e-02
3.80952380952380931e-01 5.23809523809523725e-01 6.98336251886568643e-02
4.28571428571428548e-01 5.23809523809523725e-01 7.21235822983401081e-02
4.76190476190476164e-01 5.23809523809523725e-01 7.32573691464131760e-02
5.23809523809523725e-01 5.23809523809523725e-01 7.32573691464131760e-02
5.71428571428571397e-01 5.23809523809523725e-01 7.21235822983400943e-02
6.19047619047619069e-01 5.23809523809523725e-01 6.98336251886568643e-02
6.66666666666666630e-01 5.23809523809523725e-01 6.63427309902861334e-02
7.14285714285714191e-01 5.23809523809523725e-01 6.15838115897403976e-02
7.61904761904761862e-01 5.23809523809523725e-01 5.54677060956353940e-02
8.09523809523809534e-01 5.23809523809523725e-01 4.78837988080185878e-02
8.57142857142857095e-01 5.23809523809523725e-01 3.87012353453330127e-02
9.04761904761904656e-01 5.23809523809523725e-01 2.77709791371215098e-02
9.52380952380952328e-01 5.23809523809523725e-01 1.49289052701170270e-02
4.76190476190476164e-02 5.71428571428571397e-01 1.47481629770846098e-02
9.52380952380952328e-02 5.71428571428571397e-01 2.74152230997691086e-02
1.42857142857142849e-01 5.71428571428571397e-01 3.81813543947134987e-02
1.90476190476190466e-01 5.71428571428571397e-01 4.72148812869416928e-02
2.38095238095238082e-01 5.71428571428571397e-01 5.46679341930027887e-02
2.85714285714285698e-01 5.71428571428571397e-01 6.06734239871549730e-02
3.33333333333333315e-01 5.71428571428571397e-01 6.53431824963153635e-02
3.80952380952380931e-01 5.71428571428571397e-01 6.87669885811993814e-02
4.28571428571428548e-01 5.71428571428571397e-01 7.10121788638059942e-02
4.76190476190476164e-01 5.71428571428571397e-01 7.21235822983401081e-02
5.23809523809523725e-01 5.71428571428571397e-01 7.21235822983400943e-02
5.71428571428571397e-01 5.71428571428571397e-01 7.10121788638059942e-02
6.19047619047619069e-01 5.71428571428571397e-01 6.87669885811993814e-02
6.66666666666666630e-01 5.71428571428571397e-01 6.53431824963153635e-02
7.14285714285714191e-01 5.71428571428571397e-01 6.06734239871549799e-02
7.61904761904761862e-01 5.71428571428571397e-01 5.46679341930027887e-02
8.09523809523809534e-01 5.71428571428571397e-01 4.72148812869416998e-02
8.57142857142857095e-01 5.71428571428571397e-01 3.81813543947135056e-02
9.04761904761904656e-01 5.71428571428571397e-01 2.74152230997691086e-02
9.52380952380952328e-01 5.71428571428571397e-01 1.47481629770846116e-02
4.76190476190476164e-02 6.19047619047619069e-01 1.43809498423074986e-02
9.52380952380952328e-02 6.19047619047619069e-01 2.66928221940121967e-02
1.42857142857142849e-01 6.19047619047619069e-01 3.71265041506650684e-02
1.90476190476190466e-01 6.19047619047619069e-01 4.58588640558871274e-02
2.38095238095238082e-01 6.19047619047619069e-01 5.30481517061336186e-02
2.85714285714285698e-01 6.19047619047619069e-01 5.88311939734163167e-02
3.33333333333333315e-01 6.19047619047619069e-01 6.33220127304755520e-02
3.80952380952380931e-01 6.19047619047619069e-01 6.66113940798736259e-02
4.28571428571428548e-01 6.19047619047619069e-01 6.87669885811993814e-02
4.76190476190476164e-01 6.19047619047619069e-01 6.98336251886568643e-02
5.23809523809523725e-01 6.19047619047619069e-01 6.98336251886568643e-02
5.71428571428571397e-01 6.19047619047619069e-01 6.87669885811993814e-02
6.19047619047619069e-01 6.19047619047619069e-01 6.66113940798736259e-02
6.66666666666666630e-01 6.19047619047619069e-01 6.33220127304755520e-02
7.14285714285714191e-01 6.19047619047619069e-01 5.88311939734163167e-02
7.61904761904761862e-01 6.19047619047619069e-01 5.30481517061336047e-02
8.09523809523809534e-01 6.19047619047619069e-01 4.58588640558871274e-02
8.57142857142857095e-01 6.19047619047619069e-01 3.71265041506650684e-02
9.04761904761904656e-01 6.19047619047619069e-01 2.66928221940121967e-02
9.52380952380952328e-01 6.19047619047619069e-01 1.43809498423074986e-02
4.76190476190476164e-02 6.66666666666666630e-01 1.38152405019874251e-02
9.52380952380952328e-02 6.66666666666666630e-01 2.55810379871624846e-02
1.42857142857142849e-01 6.66666666666666630e-01 3.55054022619020818e-02
1.90476190476190466e-01 6.66666666666666630e-01 4.37783453836636041e-02
2.38095238095238082e-01 6.66666666666666630e-01 5.05670409060820780e-02
2.85714285714285698e-01 6.66666666666666630e-01 5.60136137737560283e-02
3.33333333333333315e-01 6.66666666666666630e-01 6.02347066761521055e-02
3.80952380952380931e-01 6.66666666666666630e-01 6.33220127304755659e-02
4.28571428571428548e-01 6.66666666666666630e-01 6.53431824963153635e-02
4.76190476190476164e-01 6.66666666666666630e-01 6.63427309902861473e-02
5.23809523809523725e-01 6.66666666666666630e-01 6.63427309902861334e-02
5.71428571428571397e-01 6.66666666666666630e-01 6.53431824963153635e-02
6.19047619047619069e-01 6.66666666666666630e-01 6.33220127304755659e-02
6.66666666666666630e-01 6.66666666666666630e-01 6.02347066761521055e-02
7.14285714285714191e-01 6.66666666666666630e-01 5.60136137737560352e-02
7.61904761904761862e-01 6.66666666666666630e-01 5.05670409060820711e-02
8.09523809523809534e-01 6.66666666666666630e-01 4.37783453836636111e-02
8.57142857142857095e-01 6.66666666666666630e-01 3.55054022619020887e-02
9.04761904761904656e-01 6.66666666666666630e-01 2.55810379871624916e-02
9.52380952380952328e-01 6.66666666666666630e-01 1.38152405019874251e-02
4.76190476190476164e-02 7.14285714285714191e-01 1.30314004823336715e-02
9.52380952380952328e-02 7.14285714285714191e-01 2.40431132946036137e-02
1.42857142857142849e-01 7.14285714285714191e-01 3.32681478299716865e-02
1.90476190476190466e-01 7.14285714285714191e-01 4.09145006146384785e-02
2.38095238095238082e-01 7.14285714285714191e-01 4.71604790646294805e-02
2.85714285714285698e-01 7.14285714285714191e-01 5.21539398432290038e-02
3.33333333333333315e-01 7.14285714285714191e-01 5.60136137737560283e-02
3.80952380952380931e-01 7.14285714285714191e-01 5.88311939734163167e-02
4.28571428571428548e-01 7.14285714285714191e-01 6.06734239871549799e-02
4.76190476190476164e-01 7.14285714285714191e-01 6.15838115897403976e-02
5.23809523809523725e-01 7.14285714285714191e-01 6.15838115897404045e-02
5.71428571428571397e-01 7.14285714285714191e-01 6.06734239871549799e-02
6.19047619047619069e-01 7.14285714285714191e-01 5.88311939734163167e-02
6.66666666666666630e-01 7.14285714285714191e-01 5.60136137737560352e-02
7.14285714285714191e-01 7.14285714285714191e-01 5.21539398432290038e-02
7.61904761904761862e-01 7.14285714285714191e-01 4.71604790646294805e-02
8.09523809523809534e-01 7.14285714285714191e-01 4.09145006146384785e-02
8.57142857142857095e-01 7.14285714285714191e-01 3.32681478299716865e-02
9.04761904761904656e-01 7.14285714285714191e-01 2.40431132946036172e-02
9.52380952380952328e-01 7.14285714285714191e-01 1.30314004823336750e-02
4.76190476190476164e-02 7.61904761904761862e-01 1.19996744365977147e-02
9.52380952380952328e-02 7.61904761904761862e-01 2.20242931828015277e-02
1.42857142857142849e-01 7.61904761904761862e-01 3.03420014525973940e-02
1.90476190476190466e-01 7.61904761904761862e-01 3.71834564841441104e-02
2.38095238095238082e-01 7.61904761904761862e-01 4.27388611984230588e-02
2.85714285714285698e-01 7.61904761904761862e-01 4.71604790646294805e-02
3.33333333333333315e-01 7.61904761904761862e-01 5.05670409060820850e-02
3.80952380952380931e-01 7.61904761904761862e-01 5.30481517061336325e-02
4.28571428571428548e-01 7.61904761904761862e-01 5.46679341930027957e-02
4.76190476190476164e-01 7.61904761904761862e-01 5.54677060956354148e-02
5.23809523809523725e-01 7.61904761904761862e-01 5.54677060956354148e-02
5.71428571428571397e-01 7.61904761904761862e-01 5.46679341930028026e-02
6.19047619047619069e-01 7.61904761904761862e-01 5.30481517061336255e-02
6.66666666666666630e-01 7.61904761904761862e-01 5.05670409060820850e-02
7.14285714285714191e-01 7.61904761904761862e-01 4.71604790646294805e-02
7.61904761904761862e-01 7.61904761904761862e-01 4.27388611984230657e-02
8.09523809523809534e-01 7.61904761904761862e-01 3.71834564841441034e-02
8.57142857142857095e-01 7.61904761904761862e-01 3.03420014525973940e-02
9.04761904761904656e-01 7.61904761904761862e-01 2.20242931828015277e-02
9.52380952380952328e-01 7.61904761904761862e-01 1.19996744365977147e-02
4.76190476190476164e-02 8.09523809523809534e-01 1.06754303851106808e-02
9.52380952380952328e-02 8.09523809523809534e-01 1.94448098512626719e-02
1.42857142857142849e-01 8.09523809523809534e-01 2.66245346173275832e-02
1.90476190476190466e-01 8.09523809523809534e-01 3.24708889747722593e-02
2.38095238095238082e-01 8.09523809523809534e-01 3.71834564841441104e-02
2.85714285714285698e-01 8.09523809523809534e-01 4.09145006146384715e-02
3.33333333333333315e-01 8.09523809523809534e-01 4.37783453836636111e-02
3.80952380952380931e-01 8.09523809523809534e-01 4.58588640558871274e-02
4.28571428571428548e-01 8.09523809523809534e-01 4.72148812869416928e-02
4.76190476190476164e-01 8.09523809523809534e-01 4.78837988080185878e-02
5.23809523809523725e-01 8.09523809523809534e-01 4.78837988080185878e-02
5.71428571428571397e-01 8.09523809523809534e-01 4.72148812869416998e-02
6.19047619047619069e-01 8.09523809523809534e-01 4.58588640558871274e-02
6.66666666666666630e-01 8.09523809523809534e-01 4.37783453836636111e-02
7.14285714285714191e-01 8.09523809523809534e-01 4.09145006146384854e-02
7.61904761904761862e-01 8.09523809523809534e-01 3.71834564841441034e-02
8.09523809523809534e-01 8.09523809523809534e-01 3.24708889747722662e-02
8.57142857142857095e-01 8.09523809523809534e-01 2.66245346173275867e-02
9.04761904761904656e-01 8.09523809523809534e-01 1.94448098512626719e-02
9.52380952380952328e-01 8.09523809523809534e-01 1.06754303851106808e-02
4.76190476190476164e-02 8.57142857142857095e-01 8.98966355643750041e-03
9.52380952380952328e-02 8.57142857142857095e-01 1.61874075236656499e-02
1.42857142857142849e-01 8.57142857142857095e-01 2.19728644945329336e-02
1.90476190476190466e-01 8.57142857142857095e-01 2.66245346173275832e-02
2.38095238095238082e-01 8.57142857142857095e-01 3.03420014525973940e-02
2.85714285714285698e-01 8.57142857142857095e-01 3.32681478299716935e-02
3.33333333333333315e-01 8.57142857142857095e-01 3.55054022619021026e-02
3.80952380952380931e-01 8.57142857142857095e-01 3.71265041506650822e-02
4.28571428571428548e-01 8.57142857142857095e-01 3.81813543947135195e-02
4.76190476190476164e-01 8.57142857142857095e-01 3.87012353453330335e-02
5.23809523809523725e-01 8.57142857142857095e-01 3.87012353453330335e-02
5.71428571428571397e-01 8.57142857142857095e-01 3.81813543947135195e-02
6.19047619047619069e-01 8.57142857142857095e-01 3.71265041506650822e-02
6.66666666666666630e-01 8.57142857142857095e-01 3.55054022619021026e-02
7.14285714285714191e-01 8.57142857142857095e-01 3.32681478299716935e-02
7.61904761904761862e-01 8.57142857142857095e-01 3.03420014525973974e-02
8.09523809523809534e-01 8.57142857142857095e-01 2.66245346173275867e-02
8.57142857142857095e-01 8.57142857142857095e-01 2.19728644945329371e-02
9.04761904761904656e-01 8.57142857142857095e-01 1.61874075236656499e-02
9.52380952380952328e-01 8.57142857142857095e-01 8.98966355643750215e-03
4.76190476190476164e-02 9.04761904761904656e-01 6.82824262082930549e-03
9.52380952380952328e-02 9.04761904761904656e-01 1.20747184962840103e-02
1.42857142857142849e-01 9.04761904761904656e-01 1.61874075236656499e-02
1.90476190476190466e-01 9.04761904761904656e-01 1.94448098512626719e-02
2.38095238095238082e-01 9.04761904761904656e-01 2.20242931828015277e-02
2.85714285714285698e-01 9.04761904761904656e-01 2.40431132946036102e-02
3.33333333333333315e-01 9.04761904761904656e-01 2.55810379871624881e-02
3.80952380952380931e-01 9.04761904761904656e-01 2.66928221940122001e-02
4.28571428571428548e-01 9.04761904761904656e-01 2.74152230997691086e-02
4.76190476190476164e-01 9.04761904761904656e-01 2.77709791371215098e-02
5.23809523809523725e-01 9.04761904761904656e-01 2.77709791371215098e-02
5.71428571428571397e-01 9.04761904761904656e-01 2.74152230997691086e-02
6.19047619047619069e-01 9.04761904761904656e-01 2.66928221940122001e-02
6.66666666666666630e-01 9.04761904761904656e-01 2.55810379871624916e-02
7.14285714285714191e-01 9.04761904761904656e-01 2.40431132946036102e-02
7.61904761904761862e-01 9.04761904761904656e-01 2.20242931828015277e-02
8.09523809523809534e-01 9.04761904761904656e-01 1.94448098512626753e-02
8.57142857142857095e-01 9.04761904761904656e-01 1.61874075236656499e-02
9.04761904761904656e-01 9.04761904761904656e-01 1.20747184962840069e-02
9.52380952380952328e-01 9.04761904761904656e-01 6.82824262082930723e-03
4.76190476190476164e-02 9.52380952380952328e-01 3.98101473445081153e-03
9.52380952380952328e-02 9.52380952380952328e-01 6.82824262082930723e-03
1.42857142857142849e-01 9.52380952380952328e-01 8.98966355643750041e-03
1.90476190476190466e-01 9.52380952380952328e-01 1.06754303851106843e-02
2.38095238095238082e-01 9.52380952380952328e-01 1.19996744365977164e-02
2.85714285714285698e-01 9.52380952380952328e-01 1.30314004823336750e-02
3.33333333333333315e-01 9.52380952380952328e-01 1.38152405019874285e-02
3.80952380952380931e-01 9.52380952380952328e-01 1.43809498423075020e-02
4.28571428571428548e-01 9.52380952380952328e-01 1.47481629770846150e-02
4.76190476190476164e-01 9.52380952380952328e-01 1.49289052701170304e-02
5.23809523809523725e-01 9.52380952380952328e-01 1.49289052701170304e-02
5.71428571428571397e-01 9.52380952380952328e-01 1.47481629770846150e-02
6.19047619047619069e-01 9.52380952380952328e-01 1.43809498423075020e-02
6.66666666666666630e-01 9.52380952380952328e-01 1.38152405019874285e-02
7.14285714285714191e-01 9.52380952380952328e-01 1.30314004823336750e-02
7.61904761904761862e-01 9.52380952380952328e-01 1.19996744365977164e-02
8.09523809523809534e-01 9.52380952380952328e-01 1.06754303851106843e-02
8.57142857142857095e-01 9.52380952380952328e-01 8.98966355643750388e-03
9.04761904761904656e-01 9.52380952380952328e-01 6.82824262082930809e-03
9.52380952380952328e-01 9.52380952380952328e-01 3.98101473445081153e-03
