2.43902439024390252e-02 1.18976799524092795e-02
4.87804878048780505e-02 2.32004759071980926e-02
7.31707317073170826e-02 3.39083878643664446e-02
9.75609756097561009e-02 4.40214158239143338e-02
1.21951219512195119e-01 5.35395597858417602e-02
1.46341463414634165e-01 6.24628197501487237e-02
1.70731707317073184e-01 7.07911957168352174e-02
1.95121951219512202e-01 7.85246876859012483e-02
2.19512195121951220e-01 8.56632956573468163e-02
2.43902439024390238e-01 9.22070196311719215e-02
2.68292682926829285e-01 9.81558596073765638e-02
2.92682926829268331e-01 1.03509815585960743e-01
3.17073170731707321e-01 1.08268887566924460e-01
3.41463414634146367e-01 1.12433075550267714e-01
3.65853658536585358e-01 1.16002379535990505e-01
3.90243902439024404e-01 1.18976799524092833e-01
4.14634146341463450e-01 1.21356335514574684e-01
4.39024390243902440e-01 1.23140987507436073e-01
4.63414634146341486e-01 1.24330755502676998e-01
4.87804878048780477e-01 1.24925639500297461e-01
5.12195121951219523e-01 1.24925639500297461e-01
5.36585365853658569e-01 1.24330755502676998e-01
5.60975609756097615e-01 1.23140987507436073e-01
5.85365853658536661e-01 1.21356335514574684e-01
6.09756097560975596e-01 1.18976799524092833e-01
6.34146341463414642e-01 1.16002379535990505e-01
6.58536585365853688e-01 1.12433075550267714e-01
6.82926829268292734e-01 1.08268887566924460e-01
7.07317073170731780e-01 1.03509815585960743e-01
7.31707317073170715e-01 9.81558596073765638e-02
7.56097560975609762e-01 9.22070196311719215e-02
7.80487804878048808e-01 8.56632956573468163e-02
8.04878048780487854e-01 7.85246876859012483e-02
8.29268292682926900e-01 7.07911957168352174e-02
8.53658536585365835e-01 6.24628197501487237e-02
8.78048780487804881e-01 5.35395597858417602e-02
9.02439024390243927e-01 4.40214158239143338e-02
9.26829268292682973e-01 3.39083878643664446e-02
9.51219512195122019e-01 2.32004759071980926e-02
9.75609756097560954e-01 1.18976799524092795e-02
