1.18976799524092795e-02
2.32004759071980926e-02
3.39083878643664446e-02
4.40214158239143338e-02
5.35395597858417602e-02
6.24628197501487237e-02
7.07911957168352174e-02
7.85246876859012483e-02
8.56632956573468163e-02
9.22070196311719215e-02
9.81558596073765638e-02
1.03509815585960743e-01
1.08268887566924460e-01
1.12433075550267714e-01
1.16002379535990505e-01
1.18976799524092833e-01
1.21356335514574684e-01
1.23140987507436073e-01
1.24330755502676998e-01
1.24925639500297461e-01
1.24925639500297461e-01
1.24330755502676998e-01
1.23140987507436073e-01
1.21356335514574684e-01
1.18976799524092833e-01
1.16002379535990505e-01
1.12433075550267714e-01
1.08268887566924460e-01
1.03509815585960743e-01
9.81558596073765638e-02
9.22070196311719215e-02
8.56632956573468163e-02
7.85246876859012483e-02
7.07911957168352174e-02
6.24628197501487237e-02
5.35395597858417602e-02
4.40214158239143338e-02
3.39083878643664446e-02
2.32004759071980926e-02
1.18976799524092795e-02
