1.29803642494197204e-03
2.29863085107354570e-03
3.11935991326965601e-03
3.81551151734383460e-03
4.41733871875486794e-03
4.94346457544858186e-03
5.40638167050889237e-03
5.81500238242949052e-03
6.17597296314937021e-03
6.49441145263388898e-03
6.77435138777993887e-03
7.01902340846382797e-03
7.23104175812642504e-03
7.41253199195857169e-03
7.56522068974834622e-03
7.69049963655270025e-03
7.78947221859973855e-03
7.86298698738603641e-03
7.91166161650195057e-03
7.93589935942135005e-03
7.93589935942135005e-03
7.91166161650195231e-03
7.86298698738603641e-03
7.78947221859973855e-03
7.69049963655269852e-03
7.56522068974834708e-03
7.41253199195857169e-03
7.23104175812642504e-03
7.01902340846382797e-03
6.77435138777993974e-03
6.49441145263388898e-03
6.17597296314936935e-03
5.81500238242948966e-03
5.40638167050888976e-03
4.94346457544858099e-03
4.41733871875486621e-03
3.81551151734383287e-03
3.11935991326965428e-03
2.29863085107354353e-03
1.29803642494197161e-03
2.29863085107354440e-03
4.18224306846201252e-03
5.76841328704060918e-03
7.13046343973034250e-03
8.31549478460661545e-03
9.35525391491024913e-03
1.02721757265367922e-02
1.10827708984389626e-02
1.17995940199139455e-02
1.24324374619867017e-02
1.29890866924015323e-02
1.34758164903283420e-02
1.38977276344629773e-02
1.42589815223397483e-02
1.45629671328613118e-02
1.48124216402419889e-02
1.50095182528403176e-02
1.51559301168217950e-02
1.52528761215796546e-02
1.53011524641412603e-02
1.53011524641412586e-02
1.52528761215796563e-02
1.51559301168217968e-02
1.50095182528403193e-02
1.48124216402419889e-02
1.45629671328613135e-02
1.42589815223397500e-02
1.38977276344629756e-02
1.34758164903283420e-02
1.29890866924015271e-02
1.24324374619866947e-02
1.17995940199139421e-02
1.10827708984389643e-02
1.02721757265367888e-02
9.35525391491024219e-03
8.31549478460661372e-03
7.13046343973033642e-03
5.76841328704060831e-03
4.18224306846200905e-03
2.29863085107354179e-03
3.11935991326965558e-03
5.76841328704061178e-03
8.04670272908040302e-03
1.00275501723099333e-02
1.17640390674102098e-02
1.32949965754282050e-02
1.46494124246686272e-02
1.58494274672554697e-02
1.69123107584608148e-02
1.78517736853766283e-02
1.86788574318902667e-02
1.94025442283646717e-02
2.00301867694368183e-02
2.05678153324545601e-02
2.10203606814949491e-02
2.13918175410930216e-02
2.16853650380771264e-02
2.19034551078610071e-02
2.20478762912335799e-02
2.21197979138017913e-02
2.21197979138017947e-02
2.20478762912335764e-02
2.19034551078610140e-02
2.16853650380771264e-02
2.13918175410930285e-02
2.10203606814949491e-02
2.05678153324545601e-02
2.00301867694368183e-02
1.94025442283646751e-02
1.86788574318902632e-02
1.78517736853766353e-02
1.69123107584608114e-02
1.58494274672554697e-02
1.46494124246686237e-02
1.32949965754282032e-02
1.17640390674102046e-02
1.00275501723099247e-02
8.04670272908039781e-03
5.76841328704060657e-03
3.11935991326965385e-03
3.81551151734383373e-03
7.13046343973034163e-03
1.00275501723099333e-02
1.25741114553980134e-02
1.48232307396756382e-02
1.68163968971032952e-02
1.85861659318333344e-02
2.01583317898328881e-02
2.15535638636768327e-02
2.27886050915488657e-02
2.38771411237978931e-02
2.48304322241824776e-02
2.56577758848445768e-02
2.63668483589267789e-02
2.69639587219500272e-02
2.74542388069372416e-02
2.78417852528943834e-02
2.81297649876914267e-02
2.83204920240709840e-02
2.84154809884099822e-02
2.84154809884099822e-02
2.83204920240709875e-02
2.81297649876914233e-02
2.78417852528943834e-02
2.74542388069372451e-02
2.69639587219500272e-02
2.63668483589267824e-02
2.56577758848445768e-02
2.48304322241824776e-02
2.38771411237978966e-02
2.27886050915488692e-02
2.15535638636768292e-02
2.01583317898328986e-02
1.85861659318333275e-02
1.68163968971032952e-02
1.48232307396756382e-02
1.25741114553980030e-02
1.00275501723099247e-02
7.13046343973033816e-03
3.81551151734383330e-03
4.41733871875486794e-03
8.31549478460661545e-03
1.17640390674102098e-02
1.48232307396756382e-02
1.75434915411707831e-02
1.99663103438557539e-02
2.21256386181077069e-02
2.40492858989458796e-02
2.57601238172443445e-02
2.72770576957238851e-02
2.86157857499496140e-02
2.97893836621021847e-02
3.08087521892116654e-02
3.16829594988375166e-02
3.24195030428203676e-02
3.30245097141916577e-02
3.35028881812512308e-02
3.38584435683191923e-02
3.40939618313286716e-02
3.42112690297361882e-02
3.42112690297361743e-02
3.40939618313286716e-02
3.38584435683191923e-02
3.35028881812512308e-02
3.30245097141916577e-02
3.24195030428203745e-02
3.16829594988375166e-02
3.08087521892116724e-02
2.97893836621021847e-02
2.86157857499496210e-02
2.72770576957238851e-02
2.57601238172443410e-02
2.40492858989458796e-02
2.21256386181077035e-02
1.99663103438557504e-02
1.75434915411707727e-02
1.48232307396756399e-02
1.17640390674102029e-02
8.31549478460661372e-03
4.41733871875486708e-03
4.94346457544858012e-03
9.35525391491025260e-03
1.32949965754282085e-02
1.68163968971032848e-02
1.99663103438557574e-02
2.27848303214207779e-02
2.53059083001753657e-02
2.75581653729786054e-02
2.95657038130101961e-02
3.13488321265314868e-02
3.29246765205543288e-02
3.43076804874440991e-02
3.55100057134416849e-02
3.65418504067700836e-02
3.74117002386821218e-02
3.81265248281375535e-02
3.86919301919790432e-02
3.91122752753857508e-02
3.93907587055677341e-02
3.95294802718494376e-02
3.95294802718494376e-02
3.93907587055677341e-02
3.91122752753857508e-02
3.86919301919790432e-02
3.81265248281375535e-02
3.74117002386821218e-02
3.65418504067700836e-02
3.55100057134416849e-02
3.43076804874440991e-02
3.29246765205543288e-02
3.13488321265314868e-02
2.95657038130102030e-02
2.75581653729785950e-02
2.53059083001753553e-02
2.27848303214207848e-02
1.99663103438557504e-02
1.68163968971032883e-02
1.32949965754282032e-02
9.35525391491024740e-03
4.94346457544857926e-03
5.40638167050888976e-03
1.02721757265367957e-02
1.46494124246686255e-02
1.85861659318333206e-02
2.21256386181077139e-02
2.53059083001753587e-02
2.81601148905740173e-02
3.07168794821625554e-02
3.30008099376654443e-02
3.50330064792171089e-02
3.68315237206718882e-02
3.84117720560575374e-02
3.97868557727203281e-02
4.09678521784990757e-02
4.19640386793799156e-02
4.27830751700770881e-02
4.34311484855212579e-02
4.39130846380567097e-02
4.42324334460864887e-02
4.43915290826241288e-02
4.43915290826241357e-02
4.42324334460864887e-02
4.39130846380567166e-02
4.34311484855212648e-02
4.27830751700770950e-02
4.19640386793799156e-02
4.09678521784990757e-02
3.97868557727203281e-02
3.84117720560575512e-02
3.68315237206718882e-02
3.50330064792171089e-02
3.30008099376654443e-02
3.07168794821625520e-02
2.81601148905740138e-02
2.53059083001753553e-02
2.21256386181077069e-02
1.85861659318333240e-02
1.46494124246686151e-02
1.02721757265367922e-02
5.40638167050888803e-03
5.81500238242948966e-03
1.10827708984389661e-02
1.58494274672554628e-02
2.01583317898328916e-02
2.40492858989458796e-02
2.75581653729786019e-02
3.07168794821625485e-02
3.35535437298117509e-02
3.60927659786507704e-02
3.83559761343793687e-02
4.03617558292381703e-02
4.21261442457739471e-02
4.36629091452625656e-02
4.49837798575055958e-02
4.60986431326411844e-02
4.70157046896492251e-02
4.77416199443511935e-02
4.82815973476125940e-02
4.86394773604770791e-02
4.88177895323157335e-02
4.88177895323157335e-02
4.86394773604770722e-02
4.82815973476126009e-02
4.77416199443511935e-02
4.70157046896492251e-02
4.60986431326411844e-02
4.49837798575055958e-02
4.36629091452625656e-02
4.21261442457739541e-02
4.03617558292381634e-02
3.83559761343793687e-02
3.60927659786507635e-02
3.35535437298117509e-02
3.07168794821625485e-02
2.75581653729785950e-02
2.40492858989458762e-02
2.01583317898328812e-02
1.58494274672554697e-02
1.10827708984389661e-02
5.81500238242948619e-03
6.17597296314936935e-03
1.17995940199139455e-02
1.69123107584608079e-02
2.15535638636768292e-02
2.57601238172443410e-02
2.95657038130102065e-02
3.30008099376654443e-02
3.60927659786507565e-02
3.88658501151261035e-02
4.13414922527909762e-02
4.35384952185067856e-02
4.54732559549169829e-02
4.71599727074302963e-02
4.86108309759987756e-02
4.98361653064094967e-02
5.08445965139064024e-02
5.16431452570009705e-02
5.22373234499447642e-02
5.26312051182727739e-02
5.28274781562255019e-02
5.28274781562254880e-02
5.26312051182727808e-02
5.22373234499447572e-02
5.16431452570009636e-02
5.08445965139064163e-02
4.98361653064095037e-02
4.86108309759987825e-02
4.71599727074303032e-02
4.54732559549169899e-02
4.35384952185067786e-02
4.13414922527909762e-02
3.88658501151260966e-02
3.60927659786507565e-02
3.30008099376654443e-02
2.95657038130102065e-02
2.57601238172443341e-02
2.15535638636768292e-02
1.69123107584608079e-02
1.17995940199139421e-02
6.17597296314936848e-03
6.49441145263389072e-03
1.24324374619867034e-02
1.78517736853766283e-02
2.27886050915488657e-02
2.72770576957238782e-02
3.13488321265314729e-02
3.50330064792171089e-02
3.83559761343793687e-02
4.13414922527909762e-02
4.40107635455309412e-02
4.63825928394608691e-02
4.84735276503367035e-02
5.02980107559224260e-02
5.18685220350296877e-02
5.31957066054714253e-02
5.42884868049453226e-02
5.51541571221809343e-02
5.57984620792725747e-02
5.62256575088236829e-02
5.64385558204677784e-02
5.64385558204677854e-02
5.62256575088236829e-02
5.57984620792725886e-02
5.51541571221809343e-02
5.42884868049453018e-02
5.31957066054714323e-02
5.18685220350296947e-02
5.02980107559224260e-02
4.84735276503367105e-02
4.63825928394608691e-02
4.40107635455309551e-02
4.13414922527909762e-02
3.83559761343793687e-02
3.50330064792171089e-02
3.13488321265314798e-02
2.72770576957238747e-02
2.27886050915488692e-02
1.78517736853766248e-02
1.24324374619866965e-02
6.49441145263388725e-03
6.77435138777993887e-03
1.29890866924015289e-02
1.86788574318902598e-02
2.38771411237978862e-02
2.86157857499496210e-02
3.29246765205543218e-02
3.68315237206718951e-02
4.03617558292381773e-02
4.35384952185067786e-02
4.63825928394608622e-02
4.89127009458485834e-02
5.11453670534262397e-02
5.30951366332727479e-02
5.47746558051058346e-02
5.61947682778801763e-02
5.73646029806020308e-02
5.82916503498839347e-02
5.89818262385207737e-02
5.94395230196612251e-02
5.96676477987336529e-02
5.96676477987336390e-02
5.94395230196612112e-02
5.89818262385207737e-02
5.82916503498839278e-02
5.73646029806020238e-02
5.61947682778801832e-02
5.47746558051058346e-02
5.30951366332727479e-02
5.11453670534262397e-02
4.89127009458485973e-02
4.63825928394608761e-02
4.35384952185067786e-02
4.03617558292381773e-02
3.68315237206718951e-02
3.29246765205543218e-02
2.86157857499496140e-02
2.38771411237978827e-02
1.86788574318902563e-02
1.29890866924015289e-02
6.77435138777993714e-03
7.01902340846382710e-03
1.34758164903283368e-02
1.94025442283646682e-02
2.48304322241824742e-02
2.97893836621021847e-02
3.43076804874440991e-02
3.84117720560575374e-02
4.21261442457739471e-02
4.54732559549169899e-02
4.84735276503367105e-02
5.11453670534262397e-02
5.35052189866262601e-02
5.55676289210156951e-02
5.73453122766204859e-02
5.88492237227210419e-02
6.00886224920775813e-02
6.10711310606115512e-02
6.18027855076450430e-02
6.22880765349462726e-02
6.25299805584512008e-02
6.25299805584512008e-02
6.22880765349462656e-02
6.18027855076450430e-02
6.10711310606115443e-02
6.00886224920775813e-02
5.88492237227210557e-02
5.73453122766204859e-02
5.55676289210157021e-02
5.35052189866262601e-02
5.11453670534262536e-02
4.84735276503367105e-02
4.54732559549169899e-02
4.21261442457739610e-02
3.84117720560575582e-02
3.43076804874441060e-02
2.97893836621021847e-02
2.48304322241824776e-02
1.94025442283646682e-02
1.34758164903283403e-02
7.01902340846382710e-03
7.23104175812642417e-03
1.38977276344629738e-02
2.00301867694368113e-02
2.56577758848445699e-02
3.08087521892116620e-02
3.55100057134416849e-02
3.97868557727203281e-02
4.36629091452625587e-02
4.71599727074303032e-02
5.02980107559224260e-02
5.30951366332727479e-02
5.55676289210157021e-02
5.77299637899224907e-02
5.95948566600189161e-02
6.11733078466853153e-02
6.24746482067552664e-02
6.35065818952195299e-02
6.42752241988817363e-02
6.47851330564075817e-02
6.50393333440530269e-02
6.50393333440530269e-02
6.47851330564076094e-02
6.42752241988817224e-02
6.35065818952195438e-02
6.24746482067552664e-02
6.11733078466853222e-02
5.95948566600189369e-02
5.77299637899224907e-02
5.55676289210157021e-02
5.30951366332727548e-02
5.02980107559224399e-02
4.71599727074303032e-02
4.36629091452625726e-02
3.97868557727203351e-02
3.55100057134416919e-02
3.08087521892116689e-02
2.56577758848445733e-02
2.00301867694368148e-02
1.38977276344629756e-02
7.23104175812642243e-03
7.41253199195857082e-03
1.42589815223397483e-02
2.05678153324545566e-02
2.63668483589267755e-02
3.16829594988375166e-02
3.65418504067700767e-02
4.09678521784990826e-02
4.49837798575055889e-02
4.86108309759987756e-02
5.18685220350297016e-02
5.47746558051058346e-02
5.73453122766204998e-02
5.95948566600189231e-02
6.15359587292270555e-02
6.31796187996252756e-02
6.45351965954185369e-02
6.56104401170089641e-02
6.64115123386347650e-02
6.69430141501288073e-02
6.72080024196795717e-02
6.72080024196795717e-02
6.69430141501288073e-02
6.64115123386347789e-02
6.56104401170089641e-02
6.45351965954185369e-02
6.31796187996252617e-02
6.15359587292270624e-02
5.95948566600189369e-02
5.73453122766204790e-02
5.47746558051058346e-02
5.18685220350297224e-02
4.86108309759987825e-02
4.49837798575056028e-02
4.09678521784990826e-02
3.65418504067700906e-02
3.16829594988375235e-02
2.63668483589267859e-02
2.05678153324545566e-02
1.42589815223397517e-02
7.41253199195857169e-03
7.56522068974834795e-03
1.45629671328613153e-02
2.10203606814949422e-02
2.69639587219500272e-02
3.24195030428203745e-02
3.74117002386821287e-02
4.19640386793799156e-02
4.60986431326411775e-02
4.98361653064095037e-02
5.31957066054714392e-02
5.61947682778801971e-02
5.88492237227210488e-02
6.11733078466853222e-02
6.31796187996252756e-02
6.48791280295499817e-02
6.62811952606643384e-02
6.73935856411426171e-02
6.82224868908989923e-02
6.87725247881722790e-02
6.90467757672359184e-02
6.90467757672359184e-02
6.87725247881722790e-02
6.82224868908990062e-02
6.73935856411426309e-02
6.62811952606643523e-02
6.48791280295499817e-02
6.31796187996252756e-02
6.11733078466853292e-02
5.88492237227210696e-02
5.61947682778801971e-02
5.31957066054714392e-02
4.98361653064095106e-02
4.60986431326411913e-02
4.19640386793799156e-02
3.74117002386821287e-02
3.24195030428203815e-02
2.69639587219500342e-02
2.10203606814949456e-02
1.45629671328613205e-02
7.56522068974834708e-03
7.69049963655269765e-03
1.48124216402419854e-02
2.13918175410930181e-02
2.74542388069372416e-02
3.30245097141916508e-02
3.81265248281375535e-02
4.27830751700770881e-02
4.70157046896492181e-02
5.08445965139064093e-02
5.42884868049453295e-02
5.73646029806020308e-02
6.00886224920775952e-02
6.24746482067552664e-02
6.45351965954185369e-02
6.62811952606643384e-02
6.77219867789258662e-02
6.88653362983772943e-02
6.97174407980257899e-02
7.02829383468047825e-02
7.05649160962355804e-02
7.05649160962355804e-02
7.02829383468047686e-02
6.97174407980258037e-02
6.88653362983772804e-02
6.77219867789258662e-02
6.62811952606643523e-02
6.45351965954185369e-02
6.24746482067552664e-02
6.00886224920775952e-02
5.73646029806020308e-02
5.42884868049453365e-02
5.08445965139064232e-02
4.70157046896492459e-02
4.27830751700771020e-02
3.81265248281375604e-02
3.30245097141916508e-02
2.74542388069372451e-02
2.13918175410930216e-02
1.48124216402419889e-02
7.69049963655270025e-03
7.78947221859973681e-03
1.50095182528403159e-02
2.16853650380771194e-02
2.78417852528943799e-02
3.35028881812512169e-02
3.86919301919790432e-02
4.34311484855212718e-02
4.77416199443511866e-02
5.16431452570009775e-02
5.51541571221809343e-02
5.82916503498839347e-02
6.10711310606115582e-02
6.35065818952195299e-02
6.56104401170089641e-02
6.73935856411426171e-02
6.88653362983772943e-02
7.00334479777945385e-02
7.09041176584016553e-02
7.14819877071652815e-02
7.17701501770461464e-02
7.17701501770461464e-02
7.14819877071652954e-02
7.09041176584016691e-02
7.00334479777945246e-02
6.88653362983772804e-02
6.73935856411426309e-02
6.56104401170089918e-02
6.35065818952195438e-02
6.10711310606115582e-02
5.82916503498839417e-02
5.51541571221809412e-02
5.16431452570009844e-02
4.77416199443512074e-02
4.34311484855212787e-02
3.86919301919790432e-02
3.35028881812512239e-02
2.78417852528943972e-02
2.16853650380771229e-02
1.50095182528403211e-02
7.78947221859973855e-03
7.86298698738603467e-03
1.51559301168217933e-02
2.19034551078610140e-02
2.81297649876914233e-02
3.38584435683191992e-02
3.91122752753857508e-02
4.39130846380567166e-02
4.82815973476125940e-02
5.22373234499447642e-02
5.57984620792725816e-02
5.89818262385207806e-02
6.18027855076450500e-02
6.42752241988817224e-02
6.64115123386347650e-02
6.82224868908989923e-02
6.97174407980257899e-02
7.09041176584016553e-02
7.17887101530002292e-02
7.23758606487882594e-02
7.26686627301176696e-02
7.26686627301176696e-02
7.23758606487882455e-02
7.17887101530002292e-02
7.09041176584016691e-02
6.97174407980258037e-02
6.82224868908989923e-02
6.64115123386347789e-02
6.42752241988817363e-02
6.18027855076450500e-02
5.89818262385207806e-02
5.57984620792726024e-02
5.22373234499447642e-02
4.82815973476126079e-02
4.39130846380567166e-02
3.91122752753857508e-02
3.38584435683192131e-02
2.81297649876914233e-02
2.19034551078610140e-02
1.51559301168218002e-02
7.86298698738603467e-03
7.91166161650195231e-03
1.52528761215796529e-02
2.20478762912335730e-02
2.83204920240709840e-02
3.40939618313286716e-02
3.93907587055677341e-02
4.42324334460864887e-02
4.86394773604770722e-02
5.26312051182727877e-02
5.62256575088236898e-02
5.94395230196612182e-02
6.22880765349462795e-02
6.47851330564075956e-02
6.69430141501288073e-02
6.87725247881722929e-02
7.02829383468047825e-02
7.14819877071652815e-02
7.23758606487882733e-02
7.29691980072483259e-02
7.32650933668980986e-02
7.32650933668980986e-02
7.29691980072483398e-02
7.23758606487882594e-02
7.14819877071652954e-02
7.02829383468047825e-02
6.87725247881723067e-02
6.69430141501288073e-02
6.47851330564076094e-02
6.22880765349462795e-02
5.94395230196612320e-02
5.62256575088237037e-02
5.26312051182727947e-02
4.86394773604770930e-02
4.42324334460864957e-02
3.93907587055677480e-02
3.40939618313286716e-02
2.83204920240709944e-02
2.20478762912335730e-02
1.52528761215796598e-02
7.91166161650195231e-03
7.93589935942134832e-03
1.53011524641412568e-02
2.21197979138017843e-02
2.84154809884099822e-02
3.42112690297361882e-02
3.95294802718494376e-02
4.43915290826241427e-02
4.88177895323157265e-02
5.28274781562255089e-02
5.64385558204677923e-02
5.96676477987336529e-02
6.25299805584512008e-02
6.50393333440530269e-02
6.72080024196795717e-02
6.90467757672359184e-02
7.05649160962355804e-02
7.17701501770461464e-02
7.26686627301176696e-02
7.32650933668980847e-02
7.35625353657079206e-02
7.35625353657079206e-02
7.32650933668980986e-02
7.26686627301176696e-02
7.17701501770461603e-02
7.05649160962355942e-02
6.90467757672359184e-02
6.72080024196795717e-02
6.50393333440530269e-02
6.25299805584512008e-02
5.96676477987336529e-02
5.64385558204677992e-02
5.28274781562255089e-02
4.88177895323157404e-02
4.43915290826241496e-02
3.95294802718494515e-02
3.42112690297361882e-02
2.84154809884099892e-02
2.21197979138017878e-02
1.53011524641412620e-02
7.93589935942134832e-03
7.93589935942135005e-03
1.53011524641412586e-02
2.21197979138017843e-02
2.84154809884099822e-02
3.42112690297361882e-02
3.95294802718494376e-02
4.43915290826241496e-02
4.88177895323157265e-02
5.28274781562255089e-02
5.64385558204677923e-02
5.96676477987336529e-02
6.25299805584512008e-02
6.50393333440530269e-02
6.72080024196795717e-02
6.90467757672359184e-02
7.05649160962355804e-02
7.17701501770461464e-02
7.26686627301176696e-02
7.32650933668980986e-02
7.35625353657079206e-02
7.35625353657079206e-02
7.32650933668980986e-02
7.26686627301176696e-02
7.17701501770461603e-02
7.05649160962355942e-02
6.90467757672359184e-02
6.72080024196795717e-02
6.50393333440530269e-02
6.25299805584512147e-02
5.96676477987336529e-02
5.64385558204677992e-02
5.28274781562255158e-02
4.88177895323157404e-02
4.43915290826241496e-02
3.95294802718494515e-02
3.42112690297361882e-02
2.84154809884099926e-02
2.21197979138017843e-02
1.53011524641412638e-02
7.93589935942134832e-03
7.91166161650195231e-03
1.52528761215796529e-02
2.20478762912335764e-02
2.83204920240709805e-02
3.40939618313286646e-02
3.93907587055677341e-02
4.42324334460864887e-02
4.86394773604770791e-02
5.26312051182727808e-02
5.62256575088236898e-02
5.94395230196612320e-02
6.22880765349462795e-02
6.47851330564075956e-02
6.69430141501288073e-02
6.87725247881722929e-02
7.02829383468047825e-02
7.14819877071652815e-02
7.23758606487882594e-02
7.29691980072483259e-02
7.32650933668980986e-02
7.32650933668980847e-02
7.29691980072483259e-02
7.23758606487882733e-02
7.14819877071652954e-02
7.02829383468047825e-02
6.87725247881723067e-02
6.69430141501288073e-02
6.47851330564075956e-02
6.22880765349462864e-02
5.94395230196612320e-02
5.62256575088237037e-02
5.26312051182727947e-02
4.86394773604770930e-02
4.42324334460864957e-02
3.93907587055677480e-02
3.40939618313286785e-02
2.83204920240709944e-02
2.20478762912335730e-02
1.52528761215796581e-02
7.91166161650195231e-03
7.86298698738603467e-03
1.51559301168217933e-02
2.19034551078610140e-02
2.81297649876914198e-02
3.38584435683191923e-02
3.91122752753857508e-02
4.39130846380567097e-02
4.82815973476125940e-02
5.22373234499447572e-02
5.57984620792725747e-02
5.89818262385207806e-02
6.18027855076450500e-02
6.42752241988817224e-02
6.64115123386347650e-02
6.82224868908989923e-02
6.97174407980257899e-02
7.09041176584016553e-02
7.17887101530002292e-02
7.23758606487882594e-02
7.26686627301176696e-02
7.26686627301176696e-02
7.23758606487882594e-02
7.17887101530002292e-02
7.09041176584016691e-02
6.97174407980258037e-02
6.82224868908990062e-02
6.64115123386347650e-02
6.42752241988817363e-02
6.18027855076450500e-02
5.89818262385207806e-02
5.57984620792725955e-02
5.22373234499447781e-02
4.82815973476126079e-02
4.39130846380567097e-02
3.91122752753857508e-02
3.38584435683192131e-02
2.81297649876914302e-02
2.19034551078610175e-02
1.51559301168218002e-02
7.86298698738603467e-03
7.78947221859973681e-03
1.50095182528403159e-02
2.16853650380771229e-02
2.78417852528943799e-02
3.35028881812512169e-02
3.86919301919790432e-02
4.34311484855212648e-02
4.77416199443511866e-02
5.16431452570009844e-02
5.51541571221809343e-02
5.82916503498839347e-02
6.10711310606115651e-02
6.35065818952195299e-02
6.56104401170089641e-02
6.73935856411426171e-02
6.88653362983772943e-02
7.00334479777945385e-02
7.09041176584016553e-02
7.14819877071652815e-02
7.17701501770461464e-02
7.17701501770461464e-02
7.14819877071652815e-02
7.09041176584016691e-02
7.00334479777945385e-02
6.88653362983772943e-02
6.73935856411426171e-02
6.56104401170089918e-02
6.35065818952195299e-02
6.10711310606115651e-02
5.82916503498839486e-02
5.51541571221809412e-02
5.16431452570009844e-02
4.77416199443512004e-02
4.34311484855212857e-02
3.86919301919790432e-02
3.35028881812512239e-02
2.78417852528943972e-02
2.16853650380771229e-02
1.50095182528403211e-02
7.78947221859973855e-03
7.69049963655269939e-03
1.48124216402419837e-02
2.13918175410930181e-02
2.74542388069372381e-02
3.30245097141916577e-02
3.81265248281375604e-02
4.27830751700770950e-02
4.70157046896492181e-02
5.08445965139064093e-02
5.42884868049453295e-02
5.73646029806020308e-02
6.00886224920775952e-02
6.24746482067552664e-02
6.45351965954185369e-02
6.62811952606643384e-02
6.77219867789258662e-02
6.88653362983772943e-02
6.97174407980258037e-02
7.02829383468047825e-02
7.05649160962355804e-02
7.05649160962355942e-02
7.02829383468047963e-02
6.97174407980258037e-02
6.88653362983772943e-02
6.77219867789258800e-02
6.62811952606643384e-02
6.45351965954185508e-02
6.24746482067552664e-02
6.00886224920775952e-02
5.73646029806020377e-02
5.42884868049453365e-02
5.08445965139064301e-02
4.70157046896492389e-02
4.27830751700771089e-02
3.81265248281375604e-02
3.30245097141916577e-02
2.74542388069372485e-02
2.13918175410930216e-02
1.48124216402419889e-02
7.69049963655270025e-03
7.56522068974834795e-03
1.45629671328613118e-02
2.10203606814949456e-02
2.69639587219500272e-02
3.24195030428203745e-02
3.74117002386821218e-02
4.19640386793799156e-02
4.60986431326411775e-02
4.98361653064095037e-02
5.31957066054714392e-02
5.61947682778801902e-02
5.88492237227210488e-02
6.11733078466853222e-02
6.31796187996252756e-02
6.48791280295499817e-02
6.62811952606643384e-02
6.73935856411426171e-02
6.82224868908989923e-02
6.87725247881722929e-02
6.90467757672359184e-02
6.90467757672359184e-02
6.87725247881722929e-02
6.82224868908989923e-02
6.73935856411426171e-02
6.62811952606643384e-02
6.48791280295499817e-02
6.31796187996252756e-02
6.11733078466853292e-02
5.88492237227210627e-02
5.61947682778801971e-02
5.31957066054714461e-02
4.98361653064095106e-02
4.60986431326411913e-02
4.19640386793799225e-02
3.74117002386821287e-02
3.24195030428203815e-02
2.69639587219500342e-02
2.10203606814949491e-02
1.45629671328613205e-02
7.56522068974834708e-03
7.41253199195857169e-03
1.42589815223397465e-02
2.05678153324545566e-02
2.63668483589267720e-02
3.16829594988375235e-02
3.65418504067700767e-02
4.09678521784990826e-02
4.49837798575055958e-02
4.86108309759987756e-02
5.18685220350297016e-02
5.47746558051058346e-02
5.73453122766204929e-02
5.95948566600189231e-02
6.15359587292270555e-02
6.31796187996252756e-02
6.45351965954185369e-02
6.56104401170089779e-02
6.64115123386347650e-02
6.69430141501288073e-02
6.72080024196795717e-02
6.72080024196795717e-02
6.69430141501288073e-02
6.64115123386347650e-02
6.56104401170089779e-02
6.45351965954185508e-02
6.31796187996252756e-02
6.15359587292270555e-02
5.95948566600189300e-02
5.73453122766204929e-02
5.47746558051058346e-02
5.18685220350297294e-02
4.86108309759987825e-02
4.49837798575056097e-02
4.09678521784990826e-02
3.65418504067700975e-02
3.16829594988375235e-02
2.63668483589267859e-02
2.05678153324545566e-02
1.42589815223397517e-02
7.41253199195857082e-03
7.23104175812642504e-03
1.38977276344629756e-02
2.00301867694368113e-02
2.56577758848445699e-02
3.08087521892116620e-02
3.55100057134416849e-02
3.97868557727203281e-02
4.36629091452625587e-02
4.71599727074302963e-02
5.02980107559224260e-02
5.30951366332727479e-02
5.55676289210157090e-02
5.77299637899224977e-02
5.95948566600189231e-02
6.11733078466853222e-02
6.24746482067552664e-02
6.35065818952195299e-02
6.42752241988817363e-02
6.47851330564075956e-02
6.50393333440530269e-02
6.50393333440530269e-02
6.47851330564075956e-02
6.42752241988817363e-02
6.35065818952195299e-02
6.24746482067552664e-02
6.11733078466853292e-02
5.95948566600189300e-02
5.77299637899225046e-02
5.55676289210157090e-02
5.30951366332727548e-02
5.02980107559224468e-02
4.71599727074303171e-02
4.36629091452625726e-02
3.97868557727203490e-02
3.55100057134416988e-02
3.08087521892116724e-02
2.56577758848445733e-02
2.00301867694368113e-02
1.38977276344629808e-02
7.23104175812642330e-03
7.01902340846382623e-03
1.34758164903283368e-02
1.94025442283646682e-02
2.48304322241824742e-02
2.97893836621021847e-02
3.43076804874440991e-02
3.84117720560575374e-02
4.21261442457739541e-02
4.54732559549169829e-02
4.84735276503367105e-02
5.11453670534262328e-02
5.35052189866262601e-02
5.55676289210157090e-02
5.73453122766204859e-02
5.88492237227210488e-02
6.00886224920775883e-02
6.10711310606115582e-02
6.18027855076450500e-02
6.22880765349462795e-02
6.25299805584512008e-02
6.25299805584512008e-02
6.22880765349462864e-02
6.18027855076450500e-02
6.10711310606115582e-02
6.00886224920775883e-02
5.88492237227210557e-02
5.73453122766204929e-02
5.55676289210157021e-02
5.35052189866262670e-02
5.11453670534262536e-02
4.84735276503367174e-02
4.54732559549170037e-02
4.21261442457739610e-02
3.84117720560575582e-02
3.43076804874440991e-02
2.97893836621021882e-02
2.48304322241824811e-02
1.94025442283646751e-02
1.34758164903283437e-02
7.01902340846382797e-03
6.77435138777993801e-03
1.29890866924015271e-02
1.86788574318902598e-02
2.38771411237978862e-02
2.86157857499496175e-02
3.29246765205543218e-02
3.68315237206718951e-02
4.03617558292381703e-02
4.35384952185067786e-02
4.63825928394608691e-02
4.89127009458485834e-02
5.11453670534262328e-02
5.30951366332727479e-02
5.47746558051058346e-02
5.61947682778801832e-02
5.73646029806020308e-02
5.82916503498839347e-02
5.89818262385207737e-02
5.94395230196612251e-02
5.96676477987336529e-02
5.96676477987336529e-02
5.94395230196612251e-02
5.89818262385207737e-02
5.82916503498839347e-02
5.73646029806020308e-02
5.61947682778801902e-02
5.47746558051058416e-02
5.30951366332727548e-02
5.11453670534262467e-02
4.89127009458485973e-02
4.63825928394608761e-02
4.35384952185067786e-02
4.03617558292381842e-02
3.68315237206719021e-02
3.29246765205543288e-02
2.86157857499496140e-02
2.38771411237978862e-02
1.86788574318902563e-02
1.29890866924015289e-02
6.77435138777993801e-03
6.49441145263388898e-03
1.24324374619866999e-02
1.78517736853766353e-02
2.27886050915488587e-02
2.72770576957238782e-02
3.13488321265314798e-02
3.50330064792171089e-02
3.83559761343793756e-02
4.13414922527909692e-02
4.40107635455309482e-02
4.63825928394608691e-02
4.84735276503367035e-02
5.02980107559224329e-02
5.18685220350297085e-02
5.31957066054714323e-02
5.42884868049453226e-02
5.51541571221809343e-02
5.57984620792725816e-02
5.62256575088236829e-02
5.64385558204677854e-02
5.64385558204677854e-02
5.62256575088236829e-02
5.57984620792725816e-02
5.51541571221809343e-02
5.42884868049453226e-02
5.31957066054714323e-02
5.18685220350297155e-02
5.02980107559224329e-02
4.84735276503367174e-02
4.63825928394608761e-02
4.40107635455309551e-02
4.13414922527909831e-02
3.83559761343793756e-02
3.50330064792171159e-02
3.13488321265314868e-02
2.72770576957238886e-02
2.27886050915488692e-02
1.78517736853766353e-02
1.24324374619867017e-02
6.49441145263388725e-03
6.17597296314936935e-03
1.17995940199139438e-02
1.69123107584608148e-02
2.15535638636768223e-02
2.57601238172443375e-02
2.95657038130101996e-02
3.30008099376654374e-02
3.60927659786507635e-02
3.88658501151261035e-02
4.13414922527909762e-02
4.35384952185067786e-02
4.54732559549169899e-02
4.71599727074303032e-02
4.86108309759987756e-02
4.98361653064095037e-02
5.08445965139064093e-02
5.16431452570009775e-02
5.22373234499447572e-02
5.26312051182727808e-02
5.28274781562255019e-02
5.28274781562255019e-02
5.26312051182727808e-02
5.22373234499447572e-02
5.16431452570009775e-02
5.08445965139064093e-02
4.98361653064095106e-02
4.86108309759987825e-02
4.71599727074303102e-02
4.54732559549169968e-02
4.35384952185067717e-02
4.13414922527909762e-02
3.88658501151261035e-02
3.60927659786507704e-02
3.30008099376654512e-02
2.95657038130102134e-02
2.57601238172443445e-02
2.15535638636768327e-02
1.69123107584608079e-02
1.17995940199139438e-02
6.17597296314936761e-03
5.81500238242948966e-03
1.10827708984389643e-02
1.58494274672554662e-02
2.01583317898328847e-02
2.40492858989458727e-02
2.75581653729785984e-02
3.07168794821625485e-02
3.35535437298117509e-02
3.60927659786507565e-02
3.83559761343793687e-02
4.03617558292381703e-02
4.21261442457739471e-02
4.36629091452625656e-02
4.49837798575056028e-02
4.60986431326411775e-02
4.70157046896492251e-02
4.77416199443511935e-02
4.82815973476125940e-02
4.86394773604770722e-02
4.88177895323157335e-02
4.88177895323157335e-02
4.86394773604770722e-02
4.82815973476125940e-02
4.77416199443511935e-02
4.70157046896492251e-02
4.60986431326411844e-02
4.49837798575056028e-02
4.36629091452625656e-02
4.21261442457739610e-02
4.03617558292381773e-02
3.83559761343793826e-02
3.60927659786507635e-02
3.35535437298117578e-02
3.07168794821625485e-02
2.75581653729786019e-02
2.40492858989458796e-02
2.01583317898328916e-02
1.58494274672554662e-02
1.10827708984389643e-02
5.81500238242948879e-03
5.40638167050889063e-03
1.02721757265367940e-02
1.46494124246686272e-02
1.85861659318333240e-02
2.21256386181077104e-02
2.53059083001753553e-02
2.81601148905739930e-02
3.07168794821625485e-02
3.30008099376654374e-02
3.50330064792171089e-02
3.68315237206718882e-02
3.84117720560575374e-02
3.97868557727203143e-02
4.09678521784990757e-02
4.19640386793799225e-02
4.27830751700770881e-02
4.34311484855212648e-02
4.39130846380567097e-02
4.42324334460864887e-02
4.43915290826241357e-02
4.43915290826241288e-02
4.42324334460864887e-02
4.39130846380567097e-02
4.34311484855212718e-02
4.27830751700770881e-02
4.19640386793799156e-02
4.09678521784990826e-02
3.97868557727203420e-02
3.84117720560575582e-02
3.68315237206718951e-02
3.50330064792171159e-02
3.30008099376654512e-02
3.07168794821625589e-02
2.81601148905740034e-02
2.53059083001753587e-02
2.21256386181077104e-02
1.85861659318333240e-02
1.46494124246686220e-02
1.02721757265367974e-02
5.40638167050889063e-03
4.94346457544857926e-03
9.35525391491024913e-03
1.32949965754282119e-02
1.68163968971032918e-02
1.99663103438557504e-02
2.27848303214207883e-02
2.53059083001753587e-02
2.75581653729786019e-02
2.95657038130101926e-02
3.13488321265314868e-02
3.29246765205543218e-02
3.43076804874440922e-02
3.55100057134416919e-02
3.65418504067700836e-02
3.74117002386821149e-02
3.81265248281375535e-02
3.86919301919790432e-02
3.91122752753857508e-02
3.93907587055677411e-02
3.95294802718494515e-02
3.95294802718494515e-02
3.93907587055677411e-02
3.91122752753857508e-02
3.86919301919790432e-02
3.81265248281375535e-02
3.74117002386821287e-02
3.65418504067700836e-02
3.55100057134416919e-02
3.43076804874440991e-02
3.29246765205543288e-02
3.13488321265314937e-02
2.95657038130102100e-02
2.75581653729786019e-02
2.53059083001753587e-02
2.27848303214207952e-02
1.99663103438557539e-02
1.68163968971032952e-02
1.32949965754282085e-02
9.35525391491025086e-03
4.94346457544857839e-03
4.41733871875486794e-03
8.31549478460661545e-03
1.17640390674102098e-02
1.48232307396756382e-02
1.75434915411707727e-02
1.99663103438557470e-02
2.21256386181077104e-02
2.40492858989458692e-02
2.57601238172443410e-02
2.72770576957238851e-02
2.86157857499496140e-02
2.97893836621021847e-02
3.08087521892116585e-02
3.16829594988375096e-02
3.24195030428203607e-02
3.30245097141916508e-02
3.35028881812512169e-02
3.38584435683191923e-02
3.40939618313286646e-02
3.42112690297361743e-02
3.42112690297361813e-02
3.40939618313286646e-02
3.38584435683191992e-02
3.35028881812512169e-02
3.30245097141916508e-02
3.24195030428203745e-02
3.16829594988375166e-02
3.08087521892116620e-02
2.97893836621021847e-02
2.86157857499496140e-02
2.72770576957238886e-02
2.57601238172443445e-02
2.40492858989458796e-02
2.21256386181077139e-02
1.99663103438557574e-02
1.75434915411707762e-02
1.48232307396756417e-02
1.17640390674102115e-02
8.31549478460661198e-03
4.41733871875486968e-03
3.81551151734383460e-03
7.13046343973034336e-03
1.00275501723099316e-02
1.25741114553980082e-02
1.48232307396756417e-02
1.68163968971032952e-02
1.85861659318333240e-02
2.01583317898328881e-02
2.15535638636768258e-02
2.27886050915488622e-02
2.38771411237978862e-02
2.48304322241824742e-02
2.56577758848445699e-02
2.63668483589267789e-02
2.69639587219500237e-02
2.74542388069372381e-02
2.78417852528943799e-02
2.81297649876914233e-02
2.83204920240709840e-02
2.84154809884099857e-02
2.84154809884099857e-02
2.83204920240709840e-02
2.81297649876914267e-02
2.78417852528943799e-02
2.74542388069372416e-02
2.69639587219500237e-02
2.63668483589267824e-02
2.56577758848445733e-02
2.48304322241824811e-02
2.38771411237978931e-02
2.27886050915488692e-02
2.15535638636768327e-02
2.01583317898328916e-02
1.85861659318333275e-02
1.68163968971032987e-02
1.48232307396756469e-02
1.25741114553980099e-02
1.00275501723099351e-02
7.13046343973034336e-03
3.81551151734383504e-03
3.11935991326965732e-03
5.76841328704061178e-03
8.04670272908041342e-03
1.00275501723099333e-02
1.17640390674102115e-02
1.32949965754282085e-02
1.46494124246686185e-02
1.58494274672554593e-02
1.69123107584608148e-02
1.78517736853766283e-02
1.86788574318902632e-02
1.94025442283646682e-02
2.00301867694368148e-02
2.05678153324545566e-02
2.10203606814949456e-02
2.13918175410930181e-02
2.16853650380771229e-02
2.19034551078610071e-02
2.20478762912335764e-02
2.21197979138017878e-02
2.21197979138017878e-02
2.20478762912335764e-02
2.19034551078610105e-02
2.16853650380771229e-02
2.13918175410930216e-02
2.10203606814949560e-02
2.05678153324545566e-02
2.00301867694368183e-02
1.94025442283646751e-02
1.86788574318902632e-02
1.78517736853766248e-02
1.69123107584608183e-02
1.58494274672554662e-02
1.46494124246686237e-02
1.32949965754282119e-02
1.17640390674102133e-02
1.00275501723099281e-02
8.04670272908040302e-03
5.76841328704061091e-03
3.11935991326965601e-03
2.29863085107354440e-03
4.18224306846201252e-03
5.76841328704061265e-03
7.13046343973034163e-03
8.31549478460661372e-03
9.35525391491025086e-03
1.02721757265367905e-02
1.10827708984389678e-02
1.17995940199139455e-02
1.24324374619866999e-02
1.29890866924015306e-02
1.34758164903283455e-02
1.38977276344629790e-02
1.42589815223397517e-02
1.45629671328613153e-02
1.48124216402419906e-02
1.50095182528403193e-02
1.51559301168217968e-02
1.52528761215796563e-02
1.53011524641412603e-02
1.53011524641412620e-02
1.52528761215796563e-02
1.51559301168218002e-02
1.50095182528403193e-02
1.48124216402419906e-02
1.45629671328613170e-02
1.42589815223397517e-02
1.38977276344629808e-02
1.34758164903283455e-02
1.29890866924015323e-02
1.24324374619866999e-02
1.17995940199139490e-02
1.10827708984389661e-02
1.02721757265367992e-02
9.35525391491025260e-03
8.31549478460662239e-03
7.13046343973034336e-03
5.76841328704061004e-03
4.18224306846201078e-03
2.29863085107354570e-03
1.29803642494197269e-03
2.29863085107354396e-03
3.11935991326965732e-03
3.81551151734383547e-03
4.41733871875486621e-03
4.94346457544858012e-03
5.40638167050888976e-03
5.81500238242949052e-03
6.17597296314937021e-03
6.49441145263388898e-03
6.77435138777993714e-03
7.01902340846382797e-03
7.23104175812642417e-03
7.41253199195857169e-03
7.56522068974834882e-03
7.69049963655270025e-03
7.78947221859973855e-03
7.86298698738603641e-03
7.91166161650194884e-03
7.93589935942135005e-03
7.93589935942135005e-03
7.91166161650194884e-03
7.86298698738603641e-03
7.78947221859973855e-03
7.69049963655270025e-03
7.56522068974834795e-03
7.41253199195857256e-03
7.23104175812642417e-03
7.01902340846382884e-03
6.77435138777993974e-03
6.49441145263389072e-03
6.17597296314937108e-03
5.81500238242949052e-03
5.40638167050888976e-03
4.94346457544858186e-03
4.41733871875487141e-03
3.81551151734383460e-03
3.11935991326965732e-03
2.29863085107354526e-03
1.29803642494197313e-03
